     0.0000000      0.0000000     12.0000000      0.0000000      0.0000000     15.0000000         3.543330067979281405854408149025 
     0.0000000      0.0000000     12.0000000      0.0000000      0.0000000     15.0000000        -0.297942606610161808688985729532 
     0.0000000      0.0000000     12.0000000      0.0000000      0.0000000     15.0000000        -2.278362186628491770079563139006 
     0.0000000      0.0000000     12.0000000      0.0000000      0.0000000     18.0000000         0.032713150613873968886036180947 
     0.0000000      0.0000000     12.0000000      0.0000000      0.0000000     18.0000000        -0.001011001950924268017947826870 
     0.0000000      0.0000000     12.0000000      0.0000000      0.0000000     18.0000000        -0.013303070577023049306242263867 
     0.0000000      0.0000000     12.0000000      0.0000000      0.0000000     21.0000000         0.001983672354373606106642258240 
     0.0000000      0.0000000     12.0000000      0.0000000      0.0000000     21.0000000         0.000006766926048903041309985455 
     0.0000000      0.0000000     12.0000000      0.0000000      0.0000000     21.0000000         0.000674340227228017053545672255 
     0.0000000      0.0000000     12.0000000      0.0000000      0.0000000     15.0000000        -0.040310686830106981504151519857 
     0.0000000      0.0000000     12.0000000      0.0000000      0.0000000     15.0000000         0.064414279711537875128257724100 
     0.0000000      0.0000000     12.0000000      0.0000000      0.0000000     18.0000000        -0.000031344529705156274181424014 
     0.0000000      0.0000000     12.0000000      0.0000000      0.0000000     18.0000000        -0.000181530127639227670038532536 
     0.0000000      0.0000000     12.0000000      0.0000000      0.0000000     21.0000000        -0.000002301790459544019977212439 
     0.0000000      0.0000000     12.0000000      0.0000000      0.0000000     21.0000000         0.000017035474096399483442086653 
     0.0000000      0.0000000     12.0000000      0.0000000      0.0000000     15.0000000        -0.040310686830106995381939327672 
     0.0000000      0.0000000     12.0000000      0.0000000      0.0000000     15.0000000         0.064414279711537889006045531914 
     0.0000000      0.0000000     12.0000000      0.0000000      0.0000000     18.0000000        -0.000031344529705156294510214748 
     0.0000000      0.0000000     12.0000000      0.0000000      0.0000000     18.0000000        -0.000181530127639227859773912721 
     0.0000000      0.0000000     12.0000000      0.0000000      0.0000000     21.0000000        -0.000002301790459544023788860702 
     0.0000000      0.0000000     12.0000000      0.0000000      0.0000000     21.0000000         0.000017035474096399517323404543 
     0.0000000      0.0000000     12.0000000      0.0000000      0.0000000     15.0000000        -0.297966219432630907704151468351 
     0.0000000      0.0000000     12.0000000      0.0000000      0.0000000     15.0000000        -0.205919959893687054552913195948 
     0.0000000      0.0000000     12.0000000      0.0000000      0.0000000     15.0000000         0.522428947394494525013897145982 
     0.0000000      0.0000000     12.0000000      0.0000000      0.0000000     18.0000000        -0.001011146076806414837237491078 
     0.0000000      0.0000000     12.0000000      0.0000000      0.0000000     18.0000000         0.002399528596135728185367863574 
     0.0000000      0.0000000     12.0000000      0.0000000      0.0000000     18.0000000         0.001148967266649846604570361919 
     0.0000000      0.0000000     12.0000000      0.0000000      0.0000000     21.0000000         0.000006768851046763941749695101 
     0.0000000      0.0000000     12.0000000      0.0000000      0.0000000     21.0000000         0.000019745910880243307451318777 
     0.0000000      0.0000000     12.0000000      0.0000000      0.0000000     21.0000000         0.000035327858096582833000078722 
     0.0000000      0.0000000     12.0000000      0.0000000      0.0000000     15.0000000         1.000949026036773492620568504208 
     0.0000000      0.0000000     12.0000000      0.0000000      0.0000000     18.0000000        -0.000474657949069664944832802611 
     0.0000000      0.0000000     12.0000000      0.0000000      0.0000000     15.0000000         0.064414136986292017117428088113 
     0.0000000      0.0000000     12.0000000      0.0000000      0.0000000     15.0000000         0.910912893105942700344712648075 
     0.0000000      0.0000000     12.0000000      0.0000000      0.0000000     18.0000000        -0.000181529626455717693536001667 
     0.0000000      0.0000000     12.0000000      0.0000000      0.0000000     18.0000000         0.000578918990458950955858841159 
     0.0000000      0.0000000     12.0000000      0.0000000      0.0000000     21.0000000         0.000017035430995321841472376831 
     0.0000000      0.0000000     12.0000000      0.0000000      0.0000000     21.0000000         0.000035010696306327584071023395 
     0.0000000      0.0000000     12.0000000      0.0000000      0.0000000     15.0000000         0.064414136986292058750791511557 
     0.0000000      0.0000000     12.0000000      0.0000000      0.0000000     15.0000000         0.910912893105942700344712648075 
     0.0000000      0.0000000     12.0000000      0.0000000      0.0000000     18.0000000        -0.000181529626455717801956218915 
     0.0000000      0.0000000     12.0000000      0.0000000      0.0000000     18.0000000         0.000578918990458951172699275656 
     0.0000000      0.0000000     12.0000000      0.0000000      0.0000000     21.0000000         0.000017035430995321824531717886 
     0.0000000      0.0000000     12.0000000      0.0000000      0.0000000     21.0000000         0.000035010696306327658609922754 
     0.0000000      0.0000000     12.0000000      0.0000000      0.0000000     15.0000000         1.000949026036773492620568504208 
     0.0000000      0.0000000     12.0000000      0.0000000      0.0000000     18.0000000        -0.000474657949069664890622693987 
     0.0000000      0.0000000     12.0000000      0.0000000      0.0000000     15.0000000        -2.278345457488903491594101069495 
     0.0000000      0.0000000     12.0000000      0.0000000      0.0000000     15.0000000         0.522414212621882145803908770176 
     0.0000000      0.0000000     12.0000000      0.0000000      0.0000000     15.0000000         2.727840263435574286177143221721 
     0.0000000      0.0000000     12.0000000      0.0000000      0.0000000     18.0000000        -0.013302997694777137296928692933 
     0.0000000      0.0000000     12.0000000      0.0000000      0.0000000     18.0000000         0.001148870969075858157124048198 
     0.0000000      0.0000000     12.0000000      0.0000000      0.0000000     18.0000000         0.007565119839706964041670111953 
     0.0000000      0.0000000     12.0000000      0.0000000      0.0000000     21.0000000         0.000674337670401264997060986062 
     0.0000000      0.0000000     12.0000000      0.0000000      0.0000000     21.0000000         0.000035329578788322641856502887 
     0.0000000      0.0000000     12.0000000      0.0000000      0.0000000     21.0000000        -0.000163941017800363770780605610 
     0.0000000      0.0000000     15.0000000      0.0000000      0.0000000     18.0000000         3.543329060755067594357115012826 
     0.0000000      0.0000000     15.0000000      0.0000000      0.0000000     18.0000000        -0.297944673425499739760624606788 
     0.0000000      0.0000000     15.0000000      0.0000000      0.0000000     18.0000000        -2.278362139648637541000653072842 
     0.0000000      0.0000000     15.0000000      0.0000000      0.0000000     21.0000000         0.032713136123547127687150037900 
     0.0000000      0.0000000     15.0000000      0.0000000      0.0000000     21.0000000        -0.001010994838853244330925673644 
     0.0000000      0.0000000     15.0000000      0.0000000      0.0000000     21.0000000        -0.013303053491749601555671489450 
     0.0000000      0.0000000     15.0000000      0.0000000      0.0000000     24.0000000         0.001983670827425586258296874576 
     0.0000000      0.0000000     15.0000000      0.0000000      0.0000000     24.0000000         0.000006766779769661652947751636 
     0.0000000      0.0000000     15.0000000      0.0000000      0.0000000     24.0000000         0.000674340127642413834918588833 
     0.0000000      0.0000000     15.0000000      0.0000000      0.0000000     18.0000000        -0.040310589470211995177795216705 
     0.0000000      0.0000000     15.0000000      0.0000000      0.0000000     18.0000000         0.064414031651454387028543635552 
     0.0000000      0.0000000     15.0000000      0.0000000      0.0000000     21.0000000        -0.000031344431486097973956882895 
     0.0000000      0.0000000     15.0000000      0.0000000      0.0000000     21.0000000        -0.000181529718695573041506441392 
     0.0000000      0.0000000     15.0000000      0.0000000      0.0000000     24.0000000        -0.000002301785876043075584819909 
     0.0000000      0.0000000     15.0000000      0.0000000      0.0000000     24.0000000         0.000017035425356797248222376698 
     0.0000000      0.0000000     15.0000000      0.0000000      0.0000000     18.0000000        -0.040310589470211981300007408890 
     0.0000000      0.0000000     15.0000000      0.0000000      0.0000000     18.0000000         0.064414031651454345395180212108 
     0.0000000      0.0000000     15.0000000      0.0000000      0.0000000     21.0000000        -0.000031344431486098001061937207 
     0.0000000      0.0000000     15.0000000      0.0000000      0.0000000     21.0000000        -0.000181529718695572824666006895 
     0.0000000      0.0000000     15.0000000      0.0000000      0.0000000     24.0000000        -0.000002301785876043073043721067 
     0.0000000      0.0000000     15.0000000      0.0000000      0.0000000     24.0000000         0.000017035425356797261774903854 
     0.0000000      0.0000000     15.0000000      0.0000000      0.0000000     18.0000000        -0.297945516852468506030504613591 
     0.0000000      0.0000000     15.0000000      0.0000000      0.0000000     18.0000000        -0.205918748249191069232821860169 
     0.0000000      0.0000000     15.0000000      0.0000000      0.0000000     18.0000000         0.522415925434692840489958598482 
     0.0000000      0.0000000     15.0000000      0.0000000      0.0000000     21.0000000        -0.001011004997326784334704674606 
     0.0000000      0.0000000     15.0000000      0.0000000      0.0000000     21.0000000         0.002399527749330678059319632567 
     0.0000000      0.0000000     15.0000000      0.0000000      0.0000000     21.0000000         0.001148872938227160243537805506 
     0.0000000      0.0000000     15.0000000      0.0000000      0.0000000     24.0000000         0.000006766962156836399413747420 
     0.0000000      0.0000000     15.0000000      0.0000000      0.0000000     24.0000000         0.000019746180320831637817645052 
     0.0000000      0.0000000     15.0000000      0.0000000      0.0000000     24.0000000         0.000035329418770823214576443788 
     0.0000000      0.0000000     15.0000000      0.0000000      0.0000000     18.0000000         1.000949026697359744986215446261 
     0.0000000      0.0000000     15.0000000      0.0000000      0.0000000     21.0000000        -0.000474657949167879567031747001 
     0.0000000      0.0000000     15.0000000      0.0000000      0.0000000     18.0000000         0.064414027974706217216649406510 
     0.0000000      0.0000000     15.0000000      0.0000000      0.0000000     18.0000000         0.910913162304322288065350221586 
     0.0000000      0.0000000     15.0000000      0.0000000      0.0000000     21.0000000        -0.000181529721956938665684139211 
     0.0000000      0.0000000     15.0000000      0.0000000      0.0000000     21.0000000         0.000578918567606825354085464674 
     0.0000000      0.0000000     15.0000000      0.0000000      0.0000000     24.0000000         0.000017035425184626404017601900 
     0.0000000      0.0000000     15.0000000      0.0000000      0.0000000     24.0000000         0.000035010727867098182593437461 
     0.0000000      0.0000000     15.0000000      0.0000000      0.0000000     18.0000000         0.064414027974706133949922559623 
     0.0000000      0.0000000     15.0000000      0.0000000      0.0000000     18.0000000         0.910913162304321732953837909008 
     0.0000000      0.0000000     15.0000000      0.0000000      0.0000000     21.0000000        -0.000181529721956938475948759026 
     0.0000000      0.0000000     15.0000000      0.0000000      0.0000000     21.0000000         0.000578918567606823402521554200 
     0.0000000      0.0000000     15.0000000      0.0000000      0.0000000     24.0000000         0.000017035425184626414181997267 
     0.0000000      0.0000000     15.0000000      0.0000000      0.0000000     24.0000000         0.000035010727867098162264646727 
     0.0000000      0.0000000     15.0000000      0.0000000      0.0000000     18.0000000         1.000949026697359300897005596198 
     0.0000000      0.0000000     15.0000000      0.0000000      0.0000000     21.0000000        -0.000474657949167879458611529753 
     0.0000000      0.0000000     15.0000000      0.0000000      0.0000000     18.0000000        -2.278359325094910570186357290368 
     0.0000000      0.0000000     15.0000000      0.0000000      0.0000000     18.0000000         0.522414835869024707371011118084 
     0.0000000      0.0000000     15.0000000      0.0000000      0.0000000     18.0000000         2.727852130912981287735874502687 
     0.0000000      0.0000000     15.0000000      0.0000000      0.0000000     21.0000000        -0.013303052283888104970199783850 
     0.0000000      0.0000000     15.0000000      0.0000000      0.0000000     21.0000000         0.001148867849495313533253471050 
     0.0000000      0.0000000     15.0000000      0.0000000      0.0000000     21.0000000         0.007565156909896422060546328225 
     0.0000000      0.0000000     15.0000000      0.0000000      0.0000000     24.0000000         0.000674339978507947231632646545 
     0.0000000      0.0000000     15.0000000      0.0000000      0.0000000     24.0000000         0.000035329545751042400701918272 
     0.0000000      0.0000000     15.0000000      0.0000000      0.0000000     24.0000000        -0.000163941582935303836309620662 
     0.0000000      0.0000000     18.0000000      0.0000000      0.0000000     21.0000000         3.543328265233713914028612634866 
     0.0000000      0.0000000     18.0000000      0.0000000      0.0000000     21.0000000        -0.297944168877897153091538484659 
     0.0000000      0.0000000     18.0000000      0.0000000      0.0000000     21.0000000        -2.278359794309314345639450039016 
     0.0000000      0.0000000     18.0000000      0.0000000      0.0000000     24.0000000         0.032713128015127400372019650376 
     0.0000000      0.0000000     18.0000000      0.0000000      0.0000000     24.0000000        -0.001010989204578935070702461196 
     0.0000000      0.0000000     18.0000000      0.0000000      0.0000000     24.0000000        -0.013303054201781048387909223152 
     0.0000000      0.0000000     18.0000000      0.0000000      0.0000000     27.0000000         0.001983670562803257868267348130 
     0.0000000      0.0000000     18.0000000      0.0000000      0.0000000     27.0000000         0.000006766892801637764983497484 
     0.0000000      0.0000000     18.0000000      0.0000000      0.0000000     27.0000000         0.000674340062222912638503768967 
     0.0000000      0.0000000     18.0000000      0.0000000      0.0000000     21.0000000        -0.040310589945851370285989645481 
     0.0000000      0.0000000     18.0000000      0.0000000      0.0000000     21.0000000         0.064414028613452911642411891080 
     0.0000000      0.0000000     18.0000000      0.0000000      0.0000000     24.0000000        -0.000031344430938720075740643728 
     0.0000000      0.0000000     18.0000000      0.0000000      0.0000000     24.0000000        -0.000181529722349858005326847521 
     0.0000000      0.0000000     18.0000000      0.0000000      0.0000000     27.0000000        -0.000002301785948075785717323576 
     0.0000000      0.0000000     18.0000000      0.0000000      0.0000000     27.0000000         0.000017035425257070011526884523 
     0.0000000      0.0000000     18.0000000      0.0000000      0.0000000     21.0000000        -0.040310589945851411919353068924 
     0.0000000      0.0000000     18.0000000      0.0000000      0.0000000     21.0000000         0.064414028613453203075955855184 
     0.0000000      0.0000000     18.0000000      0.0000000      0.0000000     24.0000000        -0.000031344430938720035083062260 
     0.0000000      0.0000000     18.0000000      0.0000000      0.0000000     24.0000000        -0.000181529722349858113747064770 
     0.0000000      0.0000000     18.0000000      0.0000000      0.0000000     27.0000000        -0.000002301785948075789105455365 
     0.0000000      0.0000000     18.0000000      0.0000000      0.0000000     27.0000000         0.000017035425257070008138752734 
     0.0000000      0.0000000     18.0000000      0.0000000      0.0000000     21.0000000        -0.297944033610456904259677912705 
     0.0000000      0.0000000     18.0000000      0.0000000      0.0000000     21.0000000        -0.205918857726959114717857346477 
     0.0000000      0.0000000     18.0000000      0.0000000      0.0000000     21.0000000         0.522414301678615577984032825043 
     0.0000000      0.0000000     18.0000000      0.0000000      0.0000000     24.0000000        -0.001010992675056972831329482609 
     0.0000000      0.0000000     18.0000000      0.0000000      0.0000000     24.0000000         0.002399525727505897113034372126 
     0.0000000      0.0000000     18.0000000      0.0000000      0.0000000     24.0000000         0.001148867412118746711424677187 
     0.0000000      0.0000000     18.0000000      0.0000000      0.0000000     27.0000000         0.000006766801897510741970788190 
     0.0000000      0.0000000     18.0000000      0.0000000      0.0000000     27.0000000         0.000019746129065820135000883240 
     0.0000000      0.0000000     18.0000000      0.0000000      0.0000000     27.0000000         0.000035329562011485655698573433 
     0.0000000      0.0000000     18.0000000      0.0000000      0.0000000     21.0000000         1.000949026697457666656987385068 
     0.0000000      0.0000000     18.0000000      0.0000000      0.0000000     24.0000000        -0.000474657949167824110090624368 
     0.0000000      0.0000000     18.0000000      0.0000000      0.0000000     21.0000000         0.064414028371070755629723691982 
     0.0000000      0.0000000     18.0000000      0.0000000      0.0000000     21.0000000         0.910913164059100610714381218713 
     0.0000000      0.0000000     18.0000000      0.0000000      0.0000000     24.0000000        -0.000181529722233836663487435703 
     0.0000000      0.0000000     18.0000000      0.0000000      0.0000000     24.0000000         0.000578918569272269070181968775 
     0.0000000      0.0000000     18.0000000      0.0000000      0.0000000     27.0000000         0.000017035425226469242077033048 
     0.0000000      0.0000000     18.0000000      0.0000000      0.0000000     27.0000000         0.000035010727905631845887062664 
     0.0000000      0.0000000     18.0000000      0.0000000      0.0000000     21.0000000         0.064414028371070589096269998208 
     0.0000000      0.0000000     18.0000000      0.0000000      0.0000000     21.0000000         0.910913164059100388669776293682 
     0.0000000      0.0000000     18.0000000      0.0000000      0.0000000     24.0000000        -0.000181529722233836771907652952 
     0.0000000      0.0000000     18.0000000      0.0000000      0.0000000     24.0000000         0.000578918569272268419660665284 
     0.0000000      0.0000000     18.0000000      0.0000000      0.0000000     27.0000000         0.000017035425226469225136374103 
     0.0000000      0.0000000     18.0000000      0.0000000      0.0000000     27.0000000         0.000035010727905631845887062664 
     0.0000000      0.0000000     18.0000000      0.0000000      0.0000000     21.0000000         1.000949026697457444612382460036 
     0.0000000      0.0000000     18.0000000      0.0000000      0.0000000     24.0000000        -0.000474657949167823893250189871 
     0.0000000      0.0000000     18.0000000      0.0000000      0.0000000     21.0000000        -2.278359464273785217613976783468 
     0.0000000      0.0000000     18.0000000      0.0000000      0.0000000     21.0000000         0.522414450839178146068775276945 
     0.0000000      0.0000000     18.0000000      0.0000000      0.0000000     21.0000000         2.727850997634047036655147167039 
     0.0000000      0.0000000     18.0000000      0.0000000      0.0000000     24.0000000        -0.013303050627511291484350586245 
     0.0000000      0.0000000     18.0000000      0.0000000      0.0000000     24.0000000         0.001148865613811941160937735162 
     0.0000000      0.0000000     18.0000000      0.0000000      0.0000000     24.0000000         0.007565157844691573069129120199 
     0.0000000      0.0000000     18.0000000      0.0000000      0.0000000     27.0000000         0.000674339895588506820466034863 
     0.0000000      0.0000000     18.0000000      0.0000000      0.0000000     27.0000000         0.000035329473135161441031421720 
     0.0000000      0.0000000     18.0000000      0.0000000      0.0000000     27.0000000        -0.000163941564448963664982900079 
     0.0000000      0.0000000     21.0000000      0.0000000      0.0000000     24.0000000        -0.040310589919798418823138064226 
     0.0000000      0.0000000     21.0000000      0.0000000      0.0000000     24.0000000         0.064414028345995910651566873639 
     0.0000000      0.0000000     21.0000000      0.0000000      0.0000000     27.0000000        -0.000031344430863386551057523516 
     0.0000000      0.0000000     21.0000000      0.0000000      0.0000000     27.0000000        -0.000181529722300533284586737670 
     0.0000000      0.0000000     21.0000000      0.0000000      0.0000000     30.0000000        -0.000002301785948803144767592106 
     0.0000000      0.0000000     21.0000000      0.0000000      0.0000000     30.0000000         0.000017035425227254583920672923 
     0.0000000      0.0000000     21.0000000      0.0000000      0.0000000     24.0000000        -0.040310589919798432700925872041 
     0.0000000      0.0000000     21.0000000      0.0000000      0.0000000     24.0000000         0.064414028345995966162718104897 
     0.0000000      0.0000000     21.0000000      0.0000000      0.0000000     27.0000000        -0.000031344430863386578162577828 
     0.0000000      0.0000000     21.0000000      0.0000000      0.0000000     27.0000000        -0.000181529722300533474322117855 
     0.0000000      0.0000000     21.0000000      0.0000000      0.0000000     30.0000000        -0.000002301785948803149849789789 
     0.0000000      0.0000000     21.0000000      0.0000000      0.0000000     30.0000000         0.000017035425227254614413859024 
     0.0000000      0.0000000     21.0000000      0.0000000      0.0000000     24.0000000        -0.297944586382350440345589959179 
     0.0000000      0.0000000     21.0000000      0.0000000      0.0000000     24.0000000        -0.205918829467164027358094813280 
     0.0000000      0.0000000     21.0000000      0.0000000      0.0000000     24.0000000         0.522414842172642557294182097394 
     0.0000000      0.0000000     21.0000000      0.0000000      0.0000000     27.0000000        -0.001010998153081356550064828781 
     0.0000000      0.0000000     21.0000000      0.0000000      0.0000000     27.0000000         0.002399526492330046438528068364 
     0.0000000      0.0000000     21.0000000      0.0000000      0.0000000     27.0000000         0.001148870233946850576492448859 
     0.0000000      0.0000000     21.0000000      0.0000000      0.0000000     30.0000000         0.000006766885007665230765004551 
     0.0000000      0.0000000     21.0000000      0.0000000      0.0000000     30.0000000         0.000019746139674399189957486669 
     0.0000000      0.0000000     21.0000000      0.0000000      0.0000000     30.0000000         0.000035329489005214420583016882 
     0.0000000      0.0000000     21.0000000      0.0000000      0.0000000     24.0000000         1.000949026697457888701592310099 
     0.0000000      0.0000000     21.0000000      0.0000000      0.0000000     27.0000000        -0.000474657949167824055880515743 
     0.0000000      0.0000000     21.0000000      0.0000000      0.0000000     24.0000000         0.064414028343707283030816768132 
     0.0000000      0.0000000     21.0000000      0.0000000      0.0000000     24.0000000         0.910913164348096215938710429327 
     0.0000000      0.0000000     21.0000000      0.0000000      0.0000000     27.0000000        -0.000181529722307338306627397251 
     0.0000000      0.0000000     21.0000000      0.0000000      0.0000000     27.0000000         0.000578918569219756063218285114 
     0.0000000      0.0000000     21.0000000      0.0000000      0.0000000     30.0000000         0.000017035425227254590696936501 
     0.0000000      0.0000000     21.0000000      0.0000000      0.0000000     30.0000000         0.000035010727925112228092405231 
     0.0000000      0.0000000     21.0000000      0.0000000      0.0000000     24.0000000         0.064414028343707657731087579123 
     0.0000000      0.0000000     21.0000000      0.0000000      0.0000000     24.0000000         0.910913164348094994693383341655 
     0.0000000      0.0000000     21.0000000      0.0000000      0.0000000     27.0000000        -0.000181529722307337872946528257 
     0.0000000      0.0000000     21.0000000      0.0000000      0.0000000     27.0000000         0.000578918569219757147420457599 
     0.0000000      0.0000000     21.0000000      0.0000000      0.0000000     30.0000000         0.000017035425227254600861331868 
     0.0000000      0.0000000     21.0000000      0.0000000      0.0000000     30.0000000         0.000035010727925112099343397248 
     0.0000000      0.0000000     21.0000000      0.0000000      0.0000000     24.0000000         1.000949026697458110746197235130 
     0.0000000      0.0000000     21.0000000      0.0000000      0.0000000     27.0000000        -0.000474657949167824164300732992 
     0.0000000      0.0000000     21.0000000      0.0000000      0.0000000     24.0000000        -2.278360339416530599976340454305 
     0.0000000      0.0000000     21.0000000      0.0000000      0.0000000     24.0000000         0.522413506358725521216967990767 
     0.0000000      0.0000000     21.0000000      0.0000000      0.0000000     24.0000000         2.727852336725399062800079263980 
     0.0000000      0.0000000     21.0000000      0.0000000      0.0000000     27.0000000        -0.013303051579441537918824245423 
     0.0000000      0.0000000     21.0000000      0.0000000      0.0000000     27.0000000         0.001148868499557574281502714264 
     0.0000000      0.0000000     21.0000000      0.0000000      0.0000000     27.0000000         0.007565159981218782560274949134 
     0.0000000      0.0000000     21.0000000      0.0000000      0.0000000     30.0000000         0.000674339886610469973517167919 
     0.0000000      0.0000000     21.0000000      0.0000000      0.0000000     30.0000000         0.000035329489005216541553516807 
     0.0000000      0.0000000     21.0000000      0.0000000      0.0000000     30.0000000        -0.000163941517287089486877571520 
     0.0000000      0.0000000     21.0000000      0.0000000      0.0000000     24.0000000         3.543327742259721357953594633727 
     0.0000000      0.0000000     21.0000000      0.0000000      0.0000000     24.0000000        -0.297942992265471329194070904123 
     0.0000000      0.0000000     21.0000000      0.0000000      0.0000000     24.0000000        -2.278359977187816021171329339268 
     0.0000000      0.0000000     21.0000000      0.0000000      0.0000000     27.0000000         0.032713125884379232188869934816 
     0.0000000      0.0000000     21.0000000      0.0000000      0.0000000     27.0000000        -0.001010995354552256253466424596 
     0.0000000      0.0000000     21.0000000      0.0000000      0.0000000     27.0000000        -0.013303055681131747620127292464 
     0.0000000      0.0000000     21.0000000      0.0000000      0.0000000     30.0000000         0.001983670640871061825738497220 
     0.0000000      0.0000000     21.0000000      0.0000000      0.0000000     30.0000000         0.000006766885007662976810331908 
     0.0000000      0.0000000     21.0000000      0.0000000      0.0000000     30.0000000         0.000674339886610469431416081676 
     0.0000000      0.0000000     24.0000000      0.0000000      0.0000000     27.0000000         3.543327309988891116177001094911 
     0.0000000      0.0000000     24.0000000      0.0000000      0.0000000     27.0000000        -0.297943583678023315997052122839 
     0.0000000      0.0000000     24.0000000      0.0000000      0.0000000     27.0000000        -2.278360900781524200908734201221 
     0.0000000      0.0000000     24.0000000      0.0000000      0.0000000     30.0000000         0.032713125884379162799930895744 
     0.0000000      0.0000000     24.0000000      0.0000000      0.0000000     30.0000000        -0.001010998153081250515092359699 
     0.0000000      0.0000000     24.0000000      0.0000000      0.0000000     30.0000000        -0.013303051579441482407673014166 
     0.0000000      0.0000000     24.0000000      0.0000000      0.0000000     33.0000000         0.001983670562803246592564754280 
     0.0000000      0.0000000     24.0000000      0.0000000      0.0000000     33.0000000         0.000006766801897510799569028603 
     0.0000000      0.0000000     24.0000000      0.0000000      0.0000000     33.0000000         0.000674339895588505302582993384 
     0.0000000      0.0000000     24.0000000      0.0000000      0.0000000     27.0000000        -0.040310589921054539030986774151 
     0.0000000      0.0000000     24.0000000      0.0000000      0.0000000     27.0000000         0.064414028344991880459247113322 
     0.0000000      0.0000000     24.0000000      0.0000000      0.0000000     30.0000000        -0.000031344430863386578162577828 
     0.0000000      0.0000000     24.0000000      0.0000000      0.0000000     30.0000000        -0.000181529722307338198207180002 
     0.0000000      0.0000000     24.0000000      0.0000000      0.0000000     33.0000000        -0.000002301785948075786987872997 
     0.0000000      0.0000000     24.0000000      0.0000000      0.0000000     33.0000000         0.000017035425226469242077033048 
     0.0000000      0.0000000     24.0000000      0.0000000      0.0000000     27.0000000        -0.040310589921054539030986774151 
     0.0000000      0.0000000     24.0000000      0.0000000      0.0000000     27.0000000         0.064414028344991838825883689879 
     0.0000000      0.0000000     24.0000000      0.0000000      0.0000000     30.0000000        -0.000031344430863386544281259938 
     0.0000000      0.0000000     24.0000000      0.0000000      0.0000000     30.0000000        -0.000181529722307338252417288627 
     0.0000000      0.0000000     24.0000000      0.0000000      0.0000000     33.0000000        -0.000002301785948075787834905944 
     0.0000000      0.0000000     24.0000000      0.0000000      0.0000000     33.0000000         0.000017035425226469231912637681 
     0.0000000      0.0000000     24.0000000      0.0000000      0.0000000     27.0000000        -0.297943583678003998116423645115 
     0.0000000      0.0000000     24.0000000      0.0000000      0.0000000     27.0000000        -0.205918758672921808905442730975 
     0.0000000      0.0000000     24.0000000      0.0000000      0.0000000     27.0000000         0.522414029487258346762246219441 
     0.0000000      0.0000000     24.0000000      0.0000000      0.0000000     30.0000000        -0.001010995354552128317610071306 
     0.0000000      0.0000000     24.0000000      0.0000000      0.0000000     30.0000000         0.002399526492330032560740260550 
     0.0000000      0.0000000     24.0000000      0.0000000      0.0000000     30.0000000         0.001148868499557506844127585666 
     0.0000000      0.0000000     24.0000000      0.0000000      0.0000000     33.0000000         0.000006766892801636361449903884 
     0.0000000      0.0000000     24.0000000      0.0000000      0.0000000     33.0000000         0.000019746129065819802963967916 
     0.0000000      0.0000000     24.0000000      0.0000000      0.0000000     33.0000000         0.000035329473135162667535129344 
     0.0000000      0.0000000     24.0000000      0.0000000      0.0000000     27.0000000         1.000949026697457666656987385068 
     0.0000000      0.0000000     24.0000000      0.0000000      0.0000000     30.0000000        -0.000474657949167823839040081246 
     0.0000000      0.0000000     24.0000000      0.0000000      0.0000000     27.0000000         0.064414028344991880459247113322 
     0.0000000      0.0000000     24.0000000      0.0000000      0.0000000     27.0000000         0.910913164349164472533004754951 
     0.0000000      0.0000000     24.0000000      0.0000000      0.0000000     30.0000000        -0.000181529722300533501427172167 
     0.0000000      0.0000000     24.0000000      0.0000000      0.0000000     30.0000000         0.000578918569219756930580023102 
     0.0000000      0.0000000     24.0000000      0.0000000      0.0000000     33.0000000         0.000017035425257070028467543468 
     0.0000000      0.0000000     24.0000000      0.0000000      0.0000000     33.0000000         0.000035010727905631879768380554 
     0.0000000      0.0000000     24.0000000      0.0000000      0.0000000     27.0000000         0.064414028344991880459247113322 
     0.0000000      0.0000000     24.0000000      0.0000000      0.0000000     27.0000000         0.910913164349164028443794904888 
     0.0000000      0.0000000     24.0000000      0.0000000      0.0000000     30.0000000        -0.000181529722300533311691791982 
     0.0000000      0.0000000     24.0000000      0.0000000      0.0000000     30.0000000         0.000578918569219756171638502362 
     0.0000000      0.0000000     24.0000000      0.0000000      0.0000000     33.0000000         0.000017035425257070001362489156 
     0.0000000      0.0000000     24.0000000      0.0000000      0.0000000     33.0000000         0.000035010727905631859439589820 
     0.0000000      0.0000000     24.0000000      0.0000000      0.0000000     27.0000000         1.000949026697457666656987385068 
     0.0000000      0.0000000     24.0000000      0.0000000      0.0000000     30.0000000        -0.000474657949167824001670407119 
     0.0000000      0.0000000     24.0000000      0.0000000      0.0000000     27.0000000        -2.278360900781526421354783451534 
     0.0000000      0.0000000     24.0000000      0.0000000      0.0000000     27.0000000         0.522414029487275222152220521821 
     0.0000000      0.0000000     24.0000000      0.0000000      0.0000000     27.0000000         2.727854069429165306814866198692 
     0.0000000      0.0000000     24.0000000      0.0000000      0.0000000     30.0000000        -0.013303055681131782314596812000 
     0.0000000      0.0000000     24.0000000      0.0000000      0.0000000     30.0000000         0.001148870233946796583224259081 
     0.0000000      0.0000000     24.0000000      0.0000000      0.0000000     30.0000000         0.007565159981218786897083639076 
     0.0000000      0.0000000     24.0000000      0.0000000      0.0000000     33.0000000         0.000674340062222912963764420713 
     0.0000000      0.0000000     24.0000000      0.0000000      0.0000000     33.0000000         0.000035329562011485452410666092 
     0.0000000      0.0000000     24.0000000      0.0000000      0.0000000     33.0000000        -0.000163941564448964152873877698 
     0.0000000      0.0000000     27.0000000      0.0000000      0.0000000     30.0000000         3.543327742259735124719099985668 
     0.0000000      0.0000000     27.0000000      0.0000000      0.0000000     30.0000000        -0.297944586382350162789833802890 
     0.0000000      0.0000000     27.0000000      0.0000000      0.0000000     30.0000000        -2.278360339416527491351871503866 
     0.0000000      0.0000000     27.0000000      0.0000000      0.0000000     33.0000000         0.032713128015127386494231842562 
     0.0000000      0.0000000     27.0000000      0.0000000      0.0000000     33.0000000        -0.001010992675056907562358698982 
     0.0000000      0.0000000     27.0000000      0.0000000      0.0000000     33.0000000        -0.013303050627511294953797538199 
     0.0000000      0.0000000     27.0000000      0.0000000      0.0000000     36.0000000         0.001983670827425576717317756703 
     0.0000000      0.0000000     27.0000000      0.0000000      0.0000000     36.0000000         0.000006766962156836461247152569 
     0.0000000      0.0000000     27.0000000      0.0000000      0.0000000     36.0000000         0.000674339978507945171648518823 
     0.0000000      0.0000000     27.0000000      0.0000000      0.0000000     30.0000000        -0.040310589919798391067562448598 
     0.0000000      0.0000000     27.0000000      0.0000000      0.0000000     30.0000000         0.064414028343707310786392383761 
     0.0000000      0.0000000     27.0000000      0.0000000      0.0000000     33.0000000        -0.000031344430938720021530535104 
     0.0000000      0.0000000     27.0000000      0.0000000      0.0000000     33.0000000        -0.000181529722233836609277327079 
     0.0000000      0.0000000     27.0000000      0.0000000      0.0000000     36.0000000        -0.000002301785876043075161303435 
     0.0000000      0.0000000     27.0000000      0.0000000      0.0000000     36.0000000         0.000017035425184626400629470111 
     0.0000000      0.0000000     27.0000000      0.0000000      0.0000000     30.0000000        -0.040310589919798439639819775948 
     0.0000000      0.0000000     27.0000000      0.0000000      0.0000000     30.0000000         0.064414028343707477319846077535 
     0.0000000      0.0000000     27.0000000      0.0000000      0.0000000     33.0000000        -0.000031344430938720089293170884 
     0.0000000      0.0000000     27.0000000      0.0000000      0.0000000     33.0000000        -0.000181529722233836799012707264 
     0.0000000      0.0000000     27.0000000      0.0000000      0.0000000     36.0000000        -0.000002301785876043075584819909 
     0.0000000      0.0000000     27.0000000      0.0000000      0.0000000     36.0000000         0.000017035425184626434510788001 
     0.0000000      0.0000000     27.0000000      0.0000000      0.0000000     30.0000000        -0.297942992265471440216373366638 
     0.0000000      0.0000000     27.0000000      0.0000000      0.0000000     30.0000000        -0.205918829467166109026265985449 
     0.0000000      0.0000000     27.0000000      0.0000000      0.0000000     30.0000000         0.522413506358725632239270453283 
     0.0000000      0.0000000     27.0000000      0.0000000      0.0000000     33.0000000        -0.001010989204578883245838616389 
     0.0000000      0.0000000     27.0000000      0.0000000      0.0000000     33.0000000         0.002399525727505899715119586091 
     0.0000000      0.0000000     27.0000000      0.0000000      0.0000000     33.0000000         0.001148865613811926415788189360 
     0.0000000      0.0000000     27.0000000      0.0000000      0.0000000     36.0000000         0.000006766779769660627190852511 
     0.0000000      0.0000000     27.0000000      0.0000000      0.0000000     36.0000000         0.000019746180320831627653249685 
     0.0000000      0.0000000     27.0000000      0.0000000      0.0000000     36.0000000         0.000035329545751043559442990116 
     0.0000000      0.0000000     27.0000000      0.0000000      0.0000000     30.0000000         1.000949026697457666656987385068 
     0.0000000      0.0000000     27.0000000      0.0000000      0.0000000     33.0000000        -0.000474657949167824110090624368 
     0.0000000      0.0000000     27.0000000      0.0000000      0.0000000     30.0000000         0.064414028345995855140415642381 
     0.0000000      0.0000000     27.0000000      0.0000000      0.0000000     30.0000000         0.910913164348096215938710429327 
     0.0000000      0.0000000     27.0000000      0.0000000      0.0000000     33.0000000        -0.000181529722349858113747064770 
     0.0000000      0.0000000     27.0000000      0.0000000      0.0000000     33.0000000         0.000578918569272268528080882533 
     0.0000000      0.0000000     27.0000000      0.0000000      0.0000000     36.0000000         0.000017035425356797238057981331 
     0.0000000      0.0000000     27.0000000      0.0000000      0.0000000     36.0000000         0.000035010727867098189369701039 
     0.0000000      0.0000000     27.0000000      0.0000000      0.0000000     30.0000000         0.064414028345995910651566873639 
     0.0000000      0.0000000     27.0000000      0.0000000      0.0000000     30.0000000         0.910913164348095327760290729202 
     0.0000000      0.0000000     27.0000000      0.0000000      0.0000000     33.0000000        -0.000181529722349857896906630272 
     0.0000000      0.0000000     27.0000000      0.0000000      0.0000000     33.0000000         0.000578918569272268528080882533 
     0.0000000      0.0000000     27.0000000      0.0000000      0.0000000     36.0000000         0.000017035425356797234669849542 
     0.0000000      0.0000000     27.0000000      0.0000000      0.0000000     36.0000000         0.000035010727867098135159592415 
     0.0000000      0.0000000     27.0000000      0.0000000      0.0000000     30.0000000         1.000949026697457666656987385068 
     0.0000000      0.0000000     27.0000000      0.0000000      0.0000000     33.0000000        -0.000474657949167823242728886379 
     0.0000000      0.0000000     27.0000000      0.0000000      0.0000000     30.0000000        -2.278359977187796481246095936513 
     0.0000000      0.0000000     27.0000000      0.0000000      0.0000000     30.0000000         0.522414842172641891160367322300 
     0.0000000      0.0000000     27.0000000      0.0000000      0.0000000     30.0000000         2.727852336725369752912229159847 
     0.0000000      0.0000000     27.0000000      0.0000000      0.0000000     33.0000000        -0.013303054201780939100330236613 
     0.0000000      0.0000000     27.0000000      0.0000000      0.0000000     33.0000000         0.001148867412118713534838199131 
     0.0000000      0.0000000     27.0000000      0.0000000      0.0000000     33.0000000         0.007565157844691507149637033081 
     0.0000000      0.0000000     27.0000000      0.0000000      0.0000000     36.0000000         0.000674340127642406679184250429 
     0.0000000      0.0000000     27.0000000      0.0000000      0.0000000     36.0000000         0.000035329418770823221352707366 
     0.0000000      0.0000000     27.0000000      0.0000000      0.0000000     36.0000000        -0.000163941582935302399741742119 
     0.0000000      0.0000000     30.0000000      0.0000000      0.0000000     33.0000000         3.543328265233699259084687582799 
     0.0000000      0.0000000     30.0000000      0.0000000      0.0000000     33.0000000        -0.297944033610435754511058803473 
     0.0000000      0.0000000     30.0000000      0.0000000      0.0000000     33.0000000        -2.278359464273766565867163080839 
     0.0000000      0.0000000     30.0000000      0.0000000      0.0000000     36.0000000         0.032713136123546843192499977704 
     0.0000000      0.0000000     30.0000000      0.0000000      0.0000000     36.0000000        -0.001011004997326779130534246676 
     0.0000000      0.0000000     30.0000000      0.0000000      0.0000000     36.0000000        -0.013303052283888059867389408453 
     0.0000000      0.0000000     30.0000000      0.0000000      0.0000000     39.0000000         0.001983672354373580519470987582 
     0.0000000      0.0000000     30.0000000      0.0000000      0.0000000     39.0000000         0.000006768851046764682903523948 
     0.0000000      0.0000000     30.0000000      0.0000000      0.0000000     39.0000000         0.000674337670401253938198826710 
     0.0000000      0.0000000     30.0000000      0.0000000      0.0000000     33.0000000        -0.040310589945851356408201837667 
     0.0000000      0.0000000     30.0000000      0.0000000      0.0000000     33.0000000         0.064414028371070602974057806023 
     0.0000000      0.0000000     30.0000000      0.0000000      0.0000000     36.0000000        -0.000031344431486097933299301427 
     0.0000000      0.0000000     30.0000000      0.0000000      0.0000000     36.0000000        -0.000181529721956938394633596090 
     0.0000000      0.0000000     30.0000000      0.0000000      0.0000000     39.0000000        -0.000002301790459544019130179492 
     0.0000000      0.0000000     30.0000000      0.0000000      0.0000000     39.0000000         0.000017035430995321807591058941 
     0.0000000      0.0000000     30.0000000      0.0000000      0.0000000     33.0000000        -0.040310589945851411919353068924 
     0.0000000      0.0000000     30.0000000      0.0000000      0.0000000     33.0000000         0.064414028371070741751935884167 
     0.0000000      0.0000000     30.0000000      0.0000000      0.0000000     36.0000000        -0.000031344431486097973956882895 
     0.0000000      0.0000000     30.0000000      0.0000000      0.0000000     36.0000000        -0.000181529721956938692789193524 
     0.0000000      0.0000000     30.0000000      0.0000000      0.0000000     39.0000000        -0.000002301790459544024212377175 
     0.0000000      0.0000000     30.0000000      0.0000000      0.0000000     39.0000000         0.000017035430995321824531717886 
     0.0000000      0.0000000     30.0000000      0.0000000      0.0000000     33.0000000        -0.297944168877922188620743781939 
     0.0000000      0.0000000     30.0000000      0.0000000      0.0000000     33.0000000        -0.205918857726958226539437646352 
     0.0000000      0.0000000     30.0000000      0.0000000      0.0000000     33.0000000         0.522414450839196686793286517059 
     0.0000000      0.0000000     30.0000000      0.0000000      0.0000000     36.0000000        -0.001010994838853401323400249545 
     0.0000000      0.0000000     30.0000000      0.0000000      0.0000000     36.0000000         0.002399527749330678493000501561 
     0.0000000      0.0000000     30.0000000      0.0000000      0.0000000     36.0000000         0.001148867849495396366299448943 
     0.0000000      0.0000000     30.0000000      0.0000000      0.0000000     39.0000000         0.000006766926048905088588618969 
     0.0000000      0.0000000     30.0000000      0.0000000      0.0000000     39.0000000         0.000019745910880243398930877080 
     0.0000000      0.0000000     30.0000000      0.0000000      0.0000000     39.0000000         0.000035329578788320751278964615 
     0.0000000      0.0000000     30.0000000      0.0000000      0.0000000     33.0000000         1.000949026697457888701592310099 
     0.0000000      0.0000000     30.0000000      0.0000000      0.0000000     36.0000000        -0.000474657949167879675451964250 
     0.0000000      0.0000000     30.0000000      0.0000000      0.0000000     33.0000000         0.064414028613453258587107086441 
     0.0000000      0.0000000     30.0000000      0.0000000      0.0000000     33.0000000         0.910913164059101498892800918838 
     0.0000000      0.0000000     30.0000000      0.0000000      0.0000000     36.0000000        -0.000181529718695573068611495704 
     0.0000000      0.0000000     30.0000000      0.0000000      0.0000000     36.0000000         0.000578918567606825896186550917 
     0.0000000      0.0000000     30.0000000      0.0000000      0.0000000     39.0000000         0.000017035474096399530875931699 
     0.0000000      0.0000000     30.0000000      0.0000000      0.0000000     39.0000000         0.000035010696306327597623550552 
     0.0000000      0.0000000     30.0000000      0.0000000      0.0000000     33.0000000         0.064414028613453133687016816111 
     0.0000000      0.0000000     30.0000000      0.0000000      0.0000000     33.0000000         0.910913164059100166625171368651 
     0.0000000      0.0000000     30.0000000      0.0000000      0.0000000     36.0000000        -0.000181529718695572878876115519 
     0.0000000      0.0000000     30.0000000      0.0000000      0.0000000     36.0000000         0.000578918567606824920404595680 
     0.0000000      0.0000000     30.0000000      0.0000000      0.0000000     39.0000000         0.000017035474096399490218350231 
     0.0000000      0.0000000     30.0000000      0.0000000      0.0000000     39.0000000         0.000035010696306327604399814130 
     0.0000000      0.0000000     30.0000000      0.0000000      0.0000000     33.0000000         1.000949026697456778478567684942 
     0.0000000      0.0000000     30.0000000      0.0000000      0.0000000     36.0000000        -0.000474657949167879133350878007 
     0.0000000      0.0000000     30.0000000      0.0000000      0.0000000     33.0000000        -2.278359794309313901550240188953 
     0.0000000      0.0000000     30.0000000      0.0000000      0.0000000     33.0000000         0.522414301678598924638663447695 
     0.0000000      0.0000000     30.0000000      0.0000000      0.0000000     33.0000000         2.727850997634038598960160015849 
     0.0000000      0.0000000     30.0000000      0.0000000      0.0000000     36.0000000        -0.013303053491749504411156834749 
     0.0000000      0.0000000     30.0000000      0.0000000      0.0000000     36.0000000         0.001148872938227157424612157044 
     0.0000000      0.0000000     30.0000000      0.0000000      0.0000000     36.0000000         0.007565156909896401243864616504 
     0.0000000      0.0000000     30.0000000      0.0000000      0.0000000     39.0000000         0.000674340227228008488348509619 
     0.0000000      0.0000000     30.0000000      0.0000000      0.0000000     39.0000000         0.000035327858096582351885364681 
     0.0000000      0.0000000     30.0000000      0.0000000      0.0000000     39.0000000        -0.000163941017800361304220663206 
     0.0000000      0.0000000     33.0000000      0.0000000      0.0000000     36.0000000         3.543329060755023185436130006565 
     0.0000000      0.0000000     33.0000000      0.0000000      0.0000000     36.0000000        -0.297945516852467173762875063403 
     0.0000000      0.0000000     33.0000000      0.0000000      0.0000000     36.0000000        -2.278359325094907017472678489867 
     0.0000000      0.0000000     33.0000000      0.0000000      0.0000000     39.0000000         0.032713150613873379080054348833 
     0.0000000      0.0000000     33.0000000      0.0000000      0.0000000     39.0000000        -0.001011146076806461891611776949 
     0.0000000      0.0000000     33.0000000      0.0000000      0.0000000     39.0000000        -0.013302997694776852802278632737 
     0.0000000      0.0000000     33.0000000      0.0000000      0.0000000     36.0000000        -0.040310589470211967422219601076 
     0.0000000      0.0000000     33.0000000      0.0000000      0.0000000     36.0000000         0.064414027974706175583285983066 
     0.0000000      0.0000000     33.0000000      0.0000000      0.0000000     39.0000000        -0.000031344529705156247076369702 
     0.0000000      0.0000000     33.0000000      0.0000000      0.0000000     39.0000000        -0.000181529626455717639325893042 
     0.0000000      0.0000000     33.0000000      0.0000000      0.0000000     36.0000000        -0.040310589470212002116689120612 
     0.0000000      0.0000000     33.0000000      0.0000000      0.0000000     36.0000000         0.064414027974706286605588445582 
     0.0000000      0.0000000     33.0000000      0.0000000      0.0000000     39.0000000        -0.000031344529705156321615269061 
     0.0000000      0.0000000     33.0000000      0.0000000      0.0000000     39.0000000        -0.000181529626455717693536001667 
     0.0000000      0.0000000     33.0000000      0.0000000      0.0000000     36.0000000        -0.297944673425476758144014866048 
     0.0000000      0.0000000     33.0000000      0.0000000      0.0000000     36.0000000        -0.205918748249191013721670628911 
     0.0000000      0.0000000     33.0000000      0.0000000      0.0000000     36.0000000         0.522414835869007165847222040611 
     0.0000000      0.0000000     33.0000000      0.0000000      0.0000000     39.0000000        -0.001011001950924174776560993116 
     0.0000000      0.0000000     33.0000000      0.0000000      0.0000000     39.0000000         0.002399528596135743364198278371 
     0.0000000      0.0000000     33.0000000      0.0000000      0.0000000     39.0000000         0.001148870969075804597536727414 
     0.0000000      0.0000000     33.0000000      0.0000000      0.0000000     36.0000000         1.000949026697359744986215446261 
     0.0000000      0.0000000     33.0000000      0.0000000      0.0000000     39.0000000        -0.000474657949069664782202476738 
     0.0000000      0.0000000     33.0000000      0.0000000      0.0000000     36.0000000         0.064414031651454289884028980850 
     0.0000000      0.0000000     33.0000000      0.0000000      0.0000000     36.0000000         0.910913162304322954199164996680 
     0.0000000      0.0000000     33.0000000      0.0000000      0.0000000     39.0000000        -0.000181530127639227995299184282 
     0.0000000      0.0000000     33.0000000      0.0000000      0.0000000     39.0000000         0.000578918990458950847438623910 
     0.0000000      0.0000000     33.0000000      0.0000000      0.0000000     36.0000000         0.064414031651454234372877749593 
     0.0000000      0.0000000     33.0000000      0.0000000      0.0000000     36.0000000         0.910913162304321621931535446492 
     0.0000000      0.0000000     33.0000000      0.0000000      0.0000000     39.0000000        -0.000181530127639227561618315288 
     0.0000000      0.0000000     33.0000000      0.0000000      0.0000000     39.0000000         0.000578918990458950196917320419 
     0.0000000      0.0000000     33.0000000      0.0000000      0.0000000     36.0000000         1.000949026697358634763190821104 
     0.0000000      0.0000000     33.0000000      0.0000000      0.0000000     39.0000000        -0.000474657949069664619572150865 
     0.0000000      0.0000000     33.0000000      0.0000000      0.0000000     36.0000000        -2.278362139648624662413567421027 
     0.0000000      0.0000000     33.0000000      0.0000000      0.0000000     36.0000000         0.522415925434692951512261060998 
     0.0000000      0.0000000     33.0000000      0.0000000      0.0000000     36.0000000         2.727852130912992834055330604315 
     0.0000000      0.0000000     33.0000000      0.0000000      0.0000000     39.0000000        -0.013303070577022863690830334349 
     0.0000000      0.0000000     33.0000000      0.0000000      0.0000000     39.0000000         0.001148967266649868722294680623 
     0.0000000      0.0000000     33.0000000      0.0000000      0.0000000     39.0000000         0.007565119839706800977663370134 
     0.0000000      0.0000000     36.0000000      0.0000000      0.0000000     39.0000000         3.543330067979197028904536637128 
     0.0000000      0.0000000     36.0000000      0.0000000      0.0000000     39.0000000        -0.297966219432634682462435193884 
     0.0000000      0.0000000     36.0000000      0.0000000      0.0000000     39.0000000        -2.278345457488831993231315209414 
     0.0000000      0.0000000     36.0000000      0.0000000      0.0000000     39.0000000        -0.040310686830106939870788096414 
     0.0000000      0.0000000     36.0000000      0.0000000      0.0000000     39.0000000         0.064414136986291961606276856855 
     0.0000000      0.0000000     36.0000000      0.0000000      0.0000000     39.0000000        -0.040310686830107023137514943301 
     0.0000000      0.0000000     36.0000000      0.0000000      0.0000000     39.0000000         0.064414136986292058750791511557 
     0.0000000      0.0000000     36.0000000      0.0000000      0.0000000     39.0000000        -0.297942606610162308289346810852 
     0.0000000      0.0000000     36.0000000      0.0000000      0.0000000     39.0000000        -0.205919959893687665175576739784 
     0.0000000      0.0000000     36.0000000      0.0000000      0.0000000     39.0000000         0.522414212621883811138445707911 
     0.0000000      0.0000000     36.0000000      0.0000000      0.0000000     39.0000000         1.000949026036773270575963579176 
     0.0000000      0.0000000     36.0000000      0.0000000      0.0000000     39.0000000         0.064414279711537930639408955358 
     0.0000000      0.0000000     36.0000000      0.0000000      0.0000000     39.0000000         0.910912893105942922389317573106 
     0.0000000      0.0000000     36.0000000      0.0000000      0.0000000     39.0000000         0.064414279711537764105955261584 
     0.0000000      0.0000000     36.0000000      0.0000000      0.0000000     39.0000000         0.910912893105942478300107723044 
     0.0000000      0.0000000     36.0000000      0.0000000      0.0000000     39.0000000         1.000949026036772604442148804083 
     0.0000000      0.0000000     36.0000000      0.0000000      0.0000000     39.0000000        -2.278362186628417163092308328487 
     0.0000000      0.0000000     36.0000000      0.0000000      0.0000000     39.0000000         0.522428947394498743861390721577 
     0.0000000      0.0000000     36.0000000      0.0000000      0.0000000     39.0000000         2.727840263435486356513592909323 
